=== COVERAGE REPORT ===
Total Unique Cascades: 3098
Matched: 1490
Missing: 1608
Coverage: 48.10%

=== MISSING IDs ===
693856362699161601
615536939924647937
767419770283057153
624033955696742400
693216442515361792
714577521992343552
672828403016429568
645905995407953920
626517050614267904
626456529407840256
767094062587514880
614650850393391104
672658018929111042
608978907698724866
692014905239666688
652783670370115585
614448619383472129
553152395371630592
693912311094976517
689187673483939840
638908245856292864
552792544132997121
693767357668401152
764459127879925760
675541031195054081
652921558160183296
544517264054423552
614605997953404929
693321561542127616
685482074795409409
692183126408314881
692540502470696964
607575276457820161
662430295254175744
612078707109441540
642027433693171712
666966870667493376
608997235322417153
616571073455357952
675005993655205888
758650204497272832
693856679658721280
625376236840349697
693844030589902848
691789524498845699
544292129972170752
524964948683005952
638169827169992705
602785666158723072
667830868426096641
614594259900080128
623941255949647873
667109888988946432
764997396128493568
552806757672964097
665224316930433024
638189912496447489
693546915892428800
693203974388895744
638863210297188352
675005503160901632
643393266919034881
673581371458199552
693482670110670848
609080295975849984
766568413418356736
755439197125767169
609078430127271936
634404792241143809
667909938404954112
692718260924616704
613472129460346881
767861179951648768
619175530387087362
641082932740947972
619680281029701632
693121929620762624
644807225593171968
767709416879644672
609000917476732928
692023855926374400
652122619047727104
692410779241439232
767143011738320896
672705804680740864
544380742076088320
693843042546106369
693897857376632832
689661418484994049
767014626114490368
692929779696275456
675043569367982081
690675698663571456
693906624776245249
544269749405097984
715264793737879553
667802881555374080
674133085974372352
667070690357600256
667777746924412928
693177313903575040
687643002240679936
654392149191065600
623599854661541888
666954274509688832
608391830938501122
692402619285921792
668264807208845312
681824512120324096
701872343736520704
544324444773433348
663385747177775105
667771742585139200
641191076716417025
692820029159653377
767273913143398400
638864936106655744
652115454920687616
667334947967905793
693545959104585728
610775217670070272
725174535897620481
644502463102500864
693854349596954624
628319096606732290
608390015865995264
654371696195993600
613114185505996802
544310853613281281
668849913678209024
693466451081060353
647169573599449088
619327819294838784
675049765374181376
613118002272321536
544301453717041152
605455037951819776
624084318839771136
693471161313816576
615579107548659712
607622514651430912
627573608043413504
692665281362202624
767712829029900288
641728430342471680
614975994911412225
638185521718685696
614624331717545984
553535829017370625
656825206045020160
667753786434330625
691799885583089664
544271362022338560
693836651647336448
608986602833108992
616082780431192064
626536163877195776
624661907098730496
672665362568187904
693524185742647296
693540796977561602
637868242560638980
607910792361484288
553558982476828674
693516594023018496
525049639016615937
614628865353351168
692009748699463680
668979905120464897
667713813161095168
690106189951139840
609069069044752385
607989750537048065
692150118921957376
691742453532000256
614610102927147008
692750525167714304
628045645010608128
693887606749270016
614607711368519680
693066839203659776
544512108885725184
668172134775156736
765941174620286976
668289081386901504
688428083540553728
676979430015827970
767431666499477504
644580406889725952
689710320047296512
644947400117878784
674301960787505153
666377959629004800
608009887747080193
669201837187334144
661259320718401537
524991576163250176
693494326870052864
580340476949086208
626129186332221440
759460236042305536
692684783189622785
552832817089236992
553160652567498752
681199637387149313
653658744245649408
692082464953614336
607615496247058432
690294908901396481
667698933200584704
693275934137401344
766541461189832704
644329878876237824
667817817081708545
723504069814444033
644680050177019904
524965775036387329
525023025792835585
607671981681434624
525056576038518785
692940257134653441
658635943063121920
692733758781390849
692623941131722752
544283772569788416
665358434351509504
692127071720624128
624008928762855425
666387043203723264
617045220476198912
689082964429410304
663781976386764800
673847398163066880
689925728570359808
623468156196098048
767538362035109888
620846459437477888
647169726158925824
607807472229679104
613427969026093056
607756968770596864
655080266784968705
691404032410308608
580321156508577792
638161104259026945
651018580989972480
607965183013584897
628604055644934144
644605567365980160
608398526125645824
624686794144108544
767814876433571840
623726126146416640
614593989203886080
667040457252192256
693366472165453825
624618129885237249
607983481231056896
607611723537915904
610483200306118656
625705330224328705
634783325836693504
643225207705075716
608468623003365378
624644055444652032
692071267189395457
624300448699314177
767160458931531777
666999759341793280
608043315192332288
692702295281262593
614076231374516226
767803368081358848
688004802245214208
714598318333042688
672219174463275008
693804277031157761
616208019928559616
608099993220726786
544288681021145090
623231162282962945
693141729529184256
692471922353946624
673872171341447169
553588178687655936
636925368927064064
693555965019492352
643792655386738688
544514564407427072
689746563304820736
693606934050684928
691689570522370049
580326222107951104
674080899055546368
607687141607358464
553221600955621376
641430951403343872
654571985775820801
607724490655711232
610572707885920257
613172382711189506
693483057622421505
614604054552018944
624711559898660864
524943490887991296
651402689352351744
693869818366287872
645901125116428292
672169954016403456
544511199702822913
693593878339960833
607972585981108225
626516248206135296
608699964143882240
656559773266001920
756454106974261249
552805488631758849
693140340367187969
524926235030589440
605445746041737216
654974592486887424
693284109343408128
608988200380575744
672657798640062464
608388964068818944
544291804057960448
691747297630228484
693243935410503680
674314758888095744
693237263573061632
767579200442204161
544520273718812672
767132448526327808
693281966846808064
677565206814285824
638829081694367744
651321040119963648
693229654824525824
525028734991343617
692332514959032322
633949800761700352
693527889141186560
624307174890536961
525003468659228672
667062726552776705
672459961155379202
692550304542388224
524952883343925249
656523458139045889
689267711856263168
625462370953904128
544314234541469696
693070368962134016
616326986785382400
608033770155982848
693540002677051392
637775524497092608
659124721007656960
666370200346959872
614897240318984192
553586860334010368
600451916414484480
693162089964244993
688751061503442944
673615400655970304
610635731179077635
544399927045283840
765612862681255936
661120256732041216
524947674164760577
693586539562037248
692826642583019521
544329935943237632
616067720531079168
607569752576389120
624192195063517184
615649420374249476
693229735107764225
553476880339599360
667126414089523200
609063284507959296
498430783699554305
609071123985219584
692429285102129155
689860942671130624
623940598135980032
607646010861494272
580348081100734464
666810213274689537
624272789709692932
608044514310287360
661332593120567296
667106197133201408
767541796410839040
692550140754841603
657007736467525632
692082592380751874
605432955255799810
669630475191865344
692721061222322176
766990725863051264
671753281560043520
665297441030332416
693502060545703937
624250839662620673
685127952468676608
667008143172444161
580339547269144576
620916279608651776
688741019979001856
553489393202499584
692817145877508096
661299012386095105
693848784476962816
610476729275162624
667155485934546944
656811196218286080
731093044460683264
607704623500005376
667138409635409920
693171726851653634
605444007360118785
692150098160013312
671731122938601472
672180526946656256
629025546882650112
615594749018279936
676718762830221312
654295421188071425
652900069184638976
777710439870455808
692082861525078017
626009443759689728
692874200927698945
653250169752977408
641088973717110784
625743194811199488
640136547656953856
633303785260064768
624442107072090113
614628136634949632
690580180805509121
658462819667615744
647829107867258880
544305540286148609
672403707343056897
656830586577883136
767738608673492994
607574492387373056
644592939738398720
668981844742832128
616316155800596480
682895395077373952
654351281260113920
656595123590012928
607673720321277952
544289409294553088
688819658057740290
656662726014599168
624788430392795136
624245673681154048
668567939440705536
524975705206304769
692499275415183360
661261763770507264
693237160300933122
580324027715063808
666051332504207360
656861932612407296
767856920862396416
667755376922750976
766787361091031040
621344814425079808
623623691914625024
767459987476054016
613061089518034944
544513524438155264
635632641635667968
692334050573471744
608387981234307072
544374511194632192
624908232063066112
638194776471437312
611267342572650498
626832567149314048
692583358275031040
615576485777248256
762793077509464064
608941519144427520
652346465503825921
525068915068923904
544268732046913536
693181857261719553
689641419825242112
552814494381256704
692182508230807556
613274467951882240
693056160509902849
627266056017436672
614609560658161664
667704710602874880
609000907913748481
656202544331517952
687409983139495939
767598575647719424
633149279289405440
656818921979310081
625191866217140224
637382230394822656
524990163446140928
524983581983375360
625308628262744064
638370330990391296
607834722018795520
692497293442977792
667019712132419584
624712946803937280
672649144817819648
693225891690840064
624954280299102208
687986168713973760
626326709432881152
666922171680333824
644563204132208640
693071538896162816
692689219181895680
641443248909754368
654396645430460424
767846062681915392
608428392736768001
609182711375212544
766323684076322816
765739657908850688
616209271366242304
665198592672575488
692173190387335173
608989621792325633
656627930106363905
608409593513943041
689714137828560896
633961125126668288
693709502345039872
766274218870833152
663722803489808384
611266996097957888
553587013409325058
608057651931586562
607761468121939968
544358564484378624
652519308124229632
693923330408194048
693128224960856064
636281924567367680
693527890676310016
669259395902152704
691995324752252930
606243240711471104
692368829368918017
640517579291783168
616270077013401600
524925050739490816
693916736895057920
608962220672823296
666923746926723072
552811386259386370
667232611337674752
641972184412327937
616252670987341824
552792802309181440
614804812937449472
673224360514203648
524923462398513152
613404935003217920
544391176137089024
611745831130124292
544309275141885952
672666780188454912
688880539898523648
693621866515337216
627521646866378752
626770498328895488
688044919123013635
626448751398383616
626546317964218368
662151653462790144
645941845021757440
673984270902427650
552978099357237248
608099109199855616
524947867975561216
691757782387855360
692162573513408512
692911086920667136
690652817439248384
688751780142911488
614610920782888960
668479115763159041
608400070355132417
693613285338382336
674364257799004160
693069637030957057
693119469711925248
607835771773448194
623620725975420929
688752927381581824
613393657161510913
732981604826677249
622723070898237440
676959590844604419
544282227035869184
614617234942656512
626564384622551040
692030483165749250
614856074034741248
624549977675694080
553566026030272512
693173986906279936
614595106906226688
645711628046995462
626898253900943360
693818562981421056
658786161733734400
662381914842603520
666335363099660288
673998974555156481
688366079396163584
615647246294515712
630175909459443712
672539897899577344
689157821959696385
693121626121080832
656904747404779520
623546645775544320
619700746297151488
605850390186201088
640644123339431936
553476490315431937
692881104185917443
690936809719742465
623536110476529670
661332477756243969
642432477185867776
767851054553784320
623831761244549120
656848877463560192
624245809870188545
552793679082311680
682626267712065537
627110286361784321
628336948810268673
641666167992647681
693771953648373760
666497286663503872
642465192408940544
661227906551664640
553486439129038848
692882461190000641
624897344149057536
605459017628909568
667476700926578688
608403396547248128
674187250792558592
693185853867294721
693699817365716992
667763857931268096
641681085156487169
607728013824913408
614608936491188225
693641113693884416
608208444336783360
615346611955183616
614594667225571328
693113921239171072
672902686380003328
687805886203559937
614595181845839873
644744386924777473
605351510378221568
616028280316014592
613194145423826944
640744069820346368
661251968078221312
544305745416581120
693536018545381377
615840865815298048
692925396292091905
614671961801785344
665571166824730624
604269685492879360
618192748735299584
655986243042459648
524932935137628160
751536167183613952
693571567377342466
524959809402331137
767754921403899906
624302255966154752
668980149770166272
672220481664208896
739547392920289281
609132153612423168
524956129017995264
659428447459110912
624660077908230144
667827179120529408
553508098825261056
677156504030572544
614494170590367744
693853310479155200
692911498784555009
622620205026426880
607587715098345472
609065019439906816
544282005941530624
674244561519161344
693573781730783232
524969201102901248
552791578893619200
605426503661305860
675193315306905600
652000523525091328
652992524504600576
650046859537448960
620602166693068801
610475698587873280
626043997253931008
692749132516192256
690533288545488898
693282564023320580
620971220301787136
687620879858151424
693487614498836484
552996335319007233
544306402731507712
613425834301485056
693680799913283584
544274934835707905
608398089020436481
524948866773184512
524949443607412737
524925987239120897
692384115690205185
692739521725796353
667379734343471104
618804516578680832
667113025439010816
624880479943172096
662435173754081280
605487469346177024
619853763441000448
674098740643414016
607874573413945344
525025279803424768
553512735192141826
692182634269667329
674098739469025280
614645853291155457
620835698514464768
661870323034431489
692629705195950080
670317186838355969
615147270195949568
610779740249657345
544278985249550337
632203765475491840
672632863452299264
693857551620968448
666925570878545921
553589051044151296
767137792010977282
686666933949837312
525058976376193024
692845716826300418
687274510643511296
693119705469587456
674263945172119552
605772234305630208
623529518825926656
618449248179191808
692838430783332357
615239021661323264
665575674485211136
638169233420091392
689915847939219456
668872645589471232
664000310856310784
610481371379855363
687537772970684417
607992116766208002
650037735579910145
728627623488786433
608970374210977792
645356735545364480
626156735460323328
672775796751269888
693060960001597440
669613420665159680
608400882959568896
693867662171054081
642145732435292160
616765822095261700
692788525494857728
667925665681903616
667824804385304577
656148074809561089
667002204868509696
605460772777562112
624128646362628096
693648619006722048
614618682543616000
626721365643653120
665364878287224834
626173694667153409
671181758692507648
614616994499788800
653179129223737344
690969847996481536
691632238035886081
766169052230381569
666190716448587776
638050997340893184
689852020400984065
675039041113468930
553544694765215745
692928262792675328
682337127439306753
623529572416548864
544381485591982083
553587672137334785
691737364666912768
524947416869388288
613023744454475776
692078399012130816
544358533819420672
693935557009801218
692913201906851840
693394972284944384
693893182338289664
693456187036037123
693061713042771968
693122349328154624
693146681001508865
681767380305985536
693867621909970944
692701223326056449
524944399890124801
614610364702044164
670352925814882304
672553813249826816
614054616154550273
693779224981827584
614648099542204416
553543369604210689
544518335019229184
692691444046372865
544476808566276097
692797856386777089
667465521609072640
649584608560832513
690944095859138560
673664899571060736
675065047710892033
687643936043732993
632278033613742080
639672619575418880
672433211604013057
690650123358093312
638047610973089793
686379310169649152
597858553962098688
608997711329767424
692989322962796544
765558785414922240
767710042816602112
610426505194262529
638161954205360128
767203096472719364
607676568937332736
692600796467314688
544293753130082305
693196173511892992
677099574855639044
544277860555710464
544297696308518912
669467084745764864
625846910071480320
616222962857963520
675064077367005184
609067991679021056
660466342038867969
693013768738115584
614790312955904000
666667826594344960
643139873264812032
644168137190047744
604642913188872192
688689361429377024
656870311057575936
693649936466866178
626034061115584512
607667274149851136
607622514592743424
544271284796784640
623534907277606914
632377165477191680
693691456222052352
623949156894162944
614891047886434304
692884886374318081
553478289474740224
689867195657101312
544352727971954690
672657451032977408
608963603937566720
693651239486263296
688446106943008768
626083026196385793
692115567474536452
690961286394449920
626167762755416064
552802654641225728
688697736284209152
609082127775191040
693250793529569280
623701643096264704
692753210692476928
624394824100261888
689044953163501568
743764020679741440
624215220928532480
606090325900316673
672102358516670465
608385782244638720
642861523107344384
693941715217022978
553590835850514433
544319274072817664
693116511423082496
693857080193761285
524942470472548352
692720183895576576
674301413040758785
672906198434209792
638187465476411392
638163759610003456
692766805924929537
693700326092861442
614599587362414592
682916727282270208
524925215235911680
608504888092422144
690506918104846336
608706827602268161
616075640538857472
623203345033990145
693811101146963968
692123063706591234
614593386188828672
615569195208720384
552834961762709505
676394813902729216
693912916609757184
626897206717624320
609060960897232896
672679249065676800
692844704203829249
611426050594205696
638177398110842882
645362146415525888
667073349974102017
670598948692865025
676955015265837056
671316321443954688
609072943004405760
765779159176077312
686388879356768256
638752742689804290
692758341068656644
688121375937052676
764142643584512000
672750970930118658
723025600810766336
626739062792032256
693939356390653952
692402486926262272
656834899236823040
676367888543031296
667804692760555520
544512676643500033
621734547110035456
544520042810200064
689572704312238080
553506608203169792
625029768765931520
615678895015096320
674229534888185856
634059263489409024
500378223977721856
621335548951699456
756690088533393409
625821335369809920
615751831025627136
613395173645656064
686657138270277634
624652541490499584
693624684064174080
529720273285566464
608959100421025792
687699851698683904
692844201654890499
692393375891361794
693059995013742592
767751368522149889
615494435074363392
631388553801564160
623910603485278208
671680368601399296
613450368509456385
640967537178472448
521346721226711040
672927317191229440
607710679005577216
613800684090208256
676550256520228864
624920500381315072
614620298877513729
767129248045948929
611237400786898944
647464349611589632
626384222656286721
626529950582087681
682673338116771840
693918438557773824
691132359534624769
661222523275636736
759755290615177217
693041285087756288
686422439627128833
764176659088076800
693627620571877377
693167683701968896
607657981891649536
626024970699862016
674042230991097856
651825062174195712
613889234445955072
690957675664916482
608404241548492800
616067974114471936
666356471765053440
625407426297266176
544292670336925696
521360486387175424
690042063958732800
693838675898146816
626642648179159040
767682753848631296
687748306571804672
628650587807203328
544289941996326912
626777978152833024
666945157594488833
608985832410738688
612646796355960832
672632899921833984
693596237392646145
524936872666353664
692751208474370049
659439879701602304
622621861118132224
693256073495511040
613114879508148224
612841482823729152
767162091723685888
669861888260489217
691649170625662976
627204611586269185
626070593104912384
667437293377036288
687632458616061952
652321986002202624
614614133410033664
693200309955469312
667465205258051584
614962773315948544
625368304757116928
648310692794109952
608257035927482368
629209452793626624
676276712569729024
690680149164085248
638198175455690752
667861861912715264
693609977118887936
686417533486804992
553590459688570880
672665366066274304
667487418388488192
544290258951892992
767754233798164480
613508136406765568
672432930426372096
779633844680962048
693076140278153217
552806309540528128
690376107825192960
616421546702336000
656519790048227328
674358835675549696
656978126405312513
626179812718157825
625363795007959040
614702244001382400
723198441690636288
673686233936072704
692410832307818497
661250482313289729
693858804279201794
692758050378256388
631867313013268480
669262639646814208
665361505303584774
674237120379281409
641930386570809345
615689290706595840
553534838880608256
616060643905421312
544512664769396736
766359961500786688
607923963944169473
693761289601060864
616481759329427456
609835396776730625
658739444086870016
666633171325353989
767519280162344960
660612602389753857
692758581494599681
649903655160815616
604625816992002049
693402634011701248
619242759359037440
693112002168889344
604354747357859842
693410179954675712
612438528803213312
688470033484374016
687855455675232256
693604612281077760
544291965513134080
668144671772778497
608969509743923200
524922729485848576
691285663522648065
687943803672604672
676491949524713473
676067381299576832
614638036593299456
649974380416618496
691678576018657281
767340881141764096
688021039322894336
667205920632377345
654381019580076033
692106090457227264
693827886021767169
525060425184858112
672651171560050689
653432261203750912
673346166822694914
605613132459868161
656970128521740288
608035687775014912
682000520303644672
687633469250363396
693851248240545793
628618740142370816
624362303887147012
693129259334909952
672660617619251201
667534186450825216
608605527606722560
667209986179661826
761573188543229952
627366901795147776
623818627054206977
767561970182598657
691670474712031233
689890946683576322
676120162018451456
647193820812177408
764906140257837056
640447656783970304
611039775856812032
553586897168392192
683139784420790272
767855091109863424
687437918504402944
724044187113512960
668598767176826880
643103859729166337
644229386149888001
765859710503378944
693848787815526401
693648684857323521
668653658993594370
615845066590982144
656880145769197568
624700604364013568
692889938308640770
767100843518820352
580322453928431617
524966904885428226
626117932523913216
663515735231062016
638164287010181121
675624576630571009
525025463648137216
693122122642788352
693135382309896192
614626710248534016
616207311900667905
628681462976528384
622858454949040128
674982927105699841
638172218636107776
690969315470868480
715256242990505984
552978184413921281
615708907793686528
544462330105712640
524923676484177920
605425196003160064
650128194209730561
675340527907299328
688745991307153409
553531413459660800
629503919098429440
693636050791579648
692910790324649984
689938201193115648
765806296058753024
544272537341812736
691719802499432448
544382892378714113
544391533240516608
628895704136708096
666998140734709760
673611867181473792
667164213731790848
693073613101088768
650129769850359808
682996350909157376
661017590752522240
610524082262671360
614181310484058113
663904307113275392
667078361395630080
692083780123783172
693476774462820352
766822417712963584
622574537637376000
644547814253535232
667273920219746306
544271069146656768
610480229535117312
644543775465992192
552984502063337472
524962142563610625
609078617935622144
633326954003984384
524935485370929152
614550020348624896
682999206290829312
692346776112754689
764870791632719873
766715993385267201
580339825649291264
678785538107842560
614467824313106432
614594195479752704
623533663947517952
644636972452040705
672488384695279616
689857467241598978
764497123530375169
638797027082694657
624685759841366017
553587303172833280
692157602554343424
692823577087725568
669190318588170241
613294443878305796
609068728119140352
544350712365207552
714567472712589312
654336219447472128
627367419271516164
767859423150759936
689519603513495552
669310031402110976
692498490249891842
688097817118650368
608960181863632896
665645033446600704
656629493377990656
693763286261747712
638165382042226688
615198452876767233
662261237569495041
610533847491563522
663925546812837888
693508470969081856
692185199602483200
693466724822323200
525019752507658240
692538352428544000
692163879909064704
667090775356801024
688755462783782912
638168102325354500
692785266340282369
667870983672365057
692919886926970881
614494460747997184
674014933235859456
658065957823324160
763520953619918848
648622602592714752
693536823944089601
672424512516964352
626112401277087744
610481409493467137
624040005409882112
671347861435637760
627828211003469825
638162038477328384
688318921951326208
652264176900014080
603671040913494016
552785375161499649
580333763512705025
624281380961288192
692180346998296577
552791196247269378
693171092555431936
649889459836710912
765359928361922560
605466129159581697
648894687542034432
693939438808858624
625801554063454208
692803280238419971
612399844649381888
687984820815851521
614599815280857088
693840291992838147
693534670428971008
674314254732931072
608419557494132736
640107106943766528
673615263040798726
615155187464867840
544504183341064192
666918408290770944
624298742162845696
684156579298557952
692563077326376961
647168914955243520
609143657892085760
689678455533879297
763964234774347776
544367462012432384
683727663580581888
652166641229271040
693265096278163456
691679510685749248
692630756548591616
634162940195696641
552982613288157184
613360959600459776
667613364940574720
614615157730357248
723915846985342976
626349543752376320
614599619310407680
642343342488076288
693086218276474880
624549369447088129
621029849046609920
666673521657954304
689559423585492992
613016993692798977
676813833986547712
625599203222417408
693477825463066625
687703738665054208
692540218310803456
624345778761371648
656047932093763584
633823543541768192
665309822208729088
693315824132685824
641885602879635456
668858835810066435
652181903643156481
644695609929281536
622543668461871104
628690334399242240
544319832486064128
624401124276203520
626901072209121282
651959206287908868
667097827378634752
767092161716350980
692743102432346113
675490515748425728
544515538383564801
659462980476637184
693184351358558208
544278335455776769
580319184652890113
656955120626880512
663782816878989312
627363591671275520
660256225888612352
524941132237910016
688509295839711232
692890520960397312
761596821701529601
622524393034375168
681559562097442816
693648675772436480
607906605221318656
667808110304624640
524995771587108864
665379967757324288
668825400383053829
605454288530202624
618396018594443264
688730699256442880
647271314122670080
668802997103759360
693292581686546432
614601139422633984
684565473313202176
608967273932558336
616333334063509505
693826104633737217
552833028201144320
690588431643205632
688058731419033600
693260543931633664
693196937172951040
693120673980497920
642879220910280704
693285483510677504
652882609219833856
661102820976930816
644541334565560320
624564712727007232
674015148382666752
656797108020883456
621144973841440768
608243420583182336
553197863971610624
692516224245235712
666922812851036160
766813565277712389
544277117039837184
724939017410727938
638833509516251136
594687353937100801
668016014290845696
635164169105485824
761999790892806144
692519273953116160
623905061639450624
662688287304347652
693080409282846720
689497722768912384
681147789653356544
615633379866775552
692912620995743748
725070832494624769
691608761128067072
624943636514377728
667814474498228225
690603492184993793
693441093048766464
692748411481780224
608972532918665216
615592870540488704
693210931929706497
672267883427139584
666070802924617728
673079581520318464
608973199804653568
524931324763992064
672173105469591553
667437297353277441
692756336329801728
707604196812591104
637873886072320001
692106491365605376
764192292672376832
692900044630929409
693146363685642240
692833140428017664
636698913722904576
649985459389661184
580331561398108160
692043666504949762
692761052409372672
616065760796905472
766752508312166402
626417113448738816
667447336180805632
607579006154756096
642028305391177729
618805892222468096
622891631293935616
611382888127463424
644699891940347905
688209224283762689
764931593303646208
524980744658382848
658259426172891136
544289311504355328
627637174347796480
668849809785266177
693258733615345664
672806380663799808
692308998347984898
689492332085833728
622514892218564608
620367840902782976
625012676905857025
644574304076726272
767807335691653120
673696115305406466
628732033951383552
648278130021429249
666107476526432256
642028507170648064
691892829191327745
693528374996652032
552792913910833152
674016669983834113
613362193787129860
693107845156474880
645925467027976194
668855813277020160
544350567183556608
552783667052167168
608694510231650304
636582987614830592
692930458540187651
672513234419638273
654343805081157633
634013216431935488
641050980985999360
749039299677417472
634665777400950784
634943791934406657
669441209870516225
553107921081749504
661187665669177344
626149386280570880
544491151118860289
692376858386644992
616311563071434753
767698691205410816
693760191930699776
610477555355918336
608032107470848000
667677773461381120
693839929374294020
693087220459270144
664426234500149249
692906365979906050
765956628961263618
692752491482615808
607592933433307136
656834590779289600
692114056887406592
616555885272408064
666640008149925893
626546123713474560
676870737932742656
668240497756889088
623699229505134593
767782978621677568
693543009166716928
693086478667112448
649881917534433280
663817239896821760
693066829133148160
626679144554844160
692796451987034113
656680675622395904
612741808125120513
614604580601597953
616059093011148800
661229627734667264
607664618476085248
692735698349199360
676094756758364160
